0 90 135.1 180 0 23.16 36.82 0 63.48 81.4 90.38 65.21 114.9 131 135.2 112.9 163.3 180 180 156.8 216 236 233.7 204.4 282.4 308.3 315.3 269.3 14.68 51.01 74.88 96.74 115.6 135.4 153.7 174 194.4 220 253.6 316.2 340.2 336.2 54.27 47.52 102.8 99.97 145.6 146.6 190.1 194.9 247.3 254.8 3.331 15.35 26.54 38.05 50.14 57.19 65.56 75.29 84.37 93.36 103.4 110.3 118.1 126.9 134.9 142.2 151.9 160 168.4 177.5 185.4 192.1 202.9 213.1 223.1 233.8 243.1 251.3 265.2 277.7 289.8 302.9 314.8 326.8 342.5 352.6 
270 0 180 224.9 336.8 0 0 323.2 51.66 77.6 90.67 44.68 124 144 155.6 126.3 180 196.7 203.2 180 229 245.1 247.1 224.8 278.6 296.5 294.8 269.6 309 345.3 43.8 106.4 140 165.6 186 206.3 224.6 244.4 263.3 285.1 305.7 312.5 19.82 23.75 112.7 105.2 169.9 165.1 214.4 213.4 257.2 260 344.7 356.7 7.377 17.51 33.15 45.2 57.14 70.22 82.3 94.77 108.7 116.9 126.2 136.9 146.9 157.1 167.9 174.6 182.5 191.6 200 208.1 217.8 225.1 233.1 241.9 249.7 256.6 266.6 275.6 284.7 294.4 302.8 309.9 322 333.5 
315.1 0 0 270 343.3 0 0 336.8 35.98 56.04 53.65 24.41 102.4 128.3 135.3 89.33 180 203.2 216.8 180 243.5 261.4 270.4 245.2 294.9 311 315.2 292.9 333.7 354 14.36 40.01 73.64 136.2 194.7 231 254.9 276.7 295.6 315.4 325.6 326.6 10.06 14.9 67.33 74.84 160.2 156.2 234.3 227.5 282.8 280 348.4 357.5 5.395 12.12 22.91 33.09 43.12 53.84 63.14 71.29 85.23 97.7 109.8 122.9 134.8 146.8 162.5 172.6 183.3 195.3 206.5 218 230.1 237.2 245.6 255.3 264.4 273.4 283.4 290.3 298.1 306.9 314.9 322.2 331.9 340 
0 44.93 90 0 0 16.67 23.16 0 49.01 65.13 67.15 44.82 98.6 116.5 114.8 89.62 156.8 180 180 143.2 231.7 257.6 270.7 224.7 304 324 335.6 306.3 5.98 26.29 44.64 64.35 83.26 105.1 129 165.3 223.8 286.4 320 345.6 349.9 345.1 34.38 33.44 77.17 80.03 125.7 132.5 199.8 203.8 292.7 285.2 2.499 11.63 20.02 28.06 37.77 45.11 53.07 61.93 69.72 76.6 86.64 95.63 104.7 114.4 122.8 129.9 142 153.5 164.7 176.7 187.4 197.5 213.2 225.2 237.1 250.2 262.3 274.8 288.7 296.9 306.2 316.9 326.9 337.1 347.9 354.6 
180 156.8 163.3 180 0 90 135.1 180 110 120 135.2 128.9 140 150 156.3 144.9 170 180 180 167.9 200 210 202 191.3 230 240 209.5 209.7 174 153.7 145.6 146.6 151.9 160 168.4 177.5 185.4 192.1 194.9 190.1 194.4 220 135.4 115.6 142.2 134.9 162.6 161 184.6 187.9 202.9 213.1 14.68 51.01 74.88 96.75 102.8 99.97 103.4 110.3 118.1 126.9 133 135 139.4 145.3 151.2 157 163 167.4 172.6 178.4 183.3 187 193 199.7 206 212.1 216.1 217.1 223.1 233.8 243.1 251.3 254.8 247.3 253.6 316.2 
203.2 180 180 196.7 270 0 180 224.9 120 130 150.3 150.5 150 160 168.7 158 180 190 192.1 180 210 220 215.1 203.7 240 250 231.1 224.8 206.3 186 169.9 165.1 167.9 174.6 182.5 191.6 200 208.1 213.4 214.4 224.6 244.4 165.6 140 157.1 146.9 175.4 172.1 197.4 199 217.8 225.1 309 345.3 43.8 106.4 112.7 105.2 108.7 116.9 126.2 136.9 142.9 143.9 147.9 154 160.3 167 173 176.7 181.6 187.4 192.6 197 203 208.8 214.7 220.6 225 227 233.1 241.9 249.7 256.6 260 257.2 263.3 285.1 
216.8 180 180 203.2 315.1 0 0 270 89.48 111.1 135.2 120 142 155.1 165.2 150 180 192.1 195.2 180 216.3 228.7 225.2 210 255.2 270.3 255.2 240 231 194.7 160.2 156.2 162.5 172.6 183.3 195.3 206.5 218 227.5 234.3 254.9 276.7 136.2 73.64 146.8 134.8 174 170.1 202.2 203.4 230.1 237.2 333.7 354 14.36 40.01 67.33 74.84 85.23 97.7 109.8 122.9 132 135 140.8 148.5 156.1 164 171.4 176 181.9 188.8 195 200.5 207.8 214.3 221.1 228.2 233.8 237.6 245.6 255.3 264.4 273.4 280 282.8 295.6 315.4 
180 143.2 156.8 180 0 44.93 90 0 89.67 104.8 120 104.8 131.3 143.7 150 134.8 167.9 180 180 164.8 204.9 218 210 194.8 248.9 270.5 240 224.8 165.3 129 125.7 132.5 142 153.5 164.7 176.7 187.4 197.5 203.8 199.8 223.8 286.4 105.1 83.26 129.9 122.8 157.8 156.6 186 189.9 213.2 225.2 5.98 26.29 44.64 64.35 77.17 80.03 86.64 95.63 104.7 114.4 122.4 126.2 131.8 138.9 145.7 152.2 159.5 165 171.2 178.1 184 188.6 196 203.9 211.5 219.2 225 228 237.1 250.2 262.3 274.8 285.2 292.7 320 345.6 
243.5 231.7 216 229 290 300 269.5 269.7 0 150 195.1 240 170 180 195.2 188.9 200 210 216.3 204.9 230 240 240 227.9 260 270 262 251.3 254.9 250.1 234 213.7 205.6 206.6 211.9 220 228.4 237.5 245.4 252.1 262.9 273.1 254.4 280 195.4 175.6 202.2 194.9 222.6 221 244.6 247.9 303.1 311.3 314.8 307.3 313.6 16.2 74.68 111 134.9 156.7 162.8 160 163.4 170.3 178.1 186.9 193 195 199.4 205.3 211.2 217 223 227.4 232.6 238.4 243.3 247 253 259.7 266 272.1 276.1 277.1 283.1 293.8 
261.4 257.6 236 245.1 300 310 291.1 284.8 330 0 240 284.9 180 190 210.3 210.5 210 220 228.7 218 240 250 252.1 240 270 280 275.1 263.7 273.4 274.4 266.3 246 229.9 225.1 227.9 234.6 242.5 251.6 260 268.1 277.8 285.1 284.6 304.4 225.6 200 217.1 206.9 235.4 232.1 257.4 259 309.7 316.6 320 317.2 323.3 345.1 8.993 45.32 103.8 166.4 172.7 165.2 168.7 176.9 186.2 196.9 202.9 203.9 207.9 214 220.3 227 233 236.7 241.6 247.4 252.6 257 263 268.8 274.7 280.6 285 287 293.1 301.9 
270.4 270.7 233.7 247.1 315.2 330.3 315.2 300 15.07 60 0 330 149.5 171.1 195.2 180 202 215.1 225.2 210 240 252.1 255.2 240 276.3 288.7 285.2 270 287.5 294.3 291 254.7 220.2 216.2 222.5 232.6 243.3 255.3 266.5 278 290.1 297.2 314.9 336.7 196.2 133.6 206.8 194.8 234 230.1 262.2 263.4 324.4 333.4 340 342.8 355.6 15.36 33.71 54.02 74.36 100 127.3 134.8 145.2 157.7 169.8 182.9 192 195 200.8 208.5 216.1 224 231.4 236 241.9 248.8 255 260.5 267.8 274.3 281.1 288.2 293.8 297.6 305.6 315.3 
245.2 224.7 204.4 224.8 308.9 330.5 300 284.8 60 104.9 150 0 149.7 164.8 180 164.8 191.3 203.7 210 194.8 227.9 240 240 224.8 264.9 278 270 254.8 263.8 259.8 225.3 189 185.7 192.5 202 213.5 224.7 236.7 247.4 257.5 273.2 285.2 283.8 346.4 165.1 143.3 189.9 182.8 217.8 216.6 246 249.9 322.3 334.8 345.2 352.7 19.99 45.64 65.98 86.29 104.6 124.4 137.2 140 146.6 155.6 164.7 174.4 182.4 186.2 191.8 198.9 205.7 212.2 219.5 225 231.2 238.1 244 248.6 256 263.9 271.5 279.2 285 288 297.1 310.2 
294.9 304 282.4 278.6 320 330 322 311.3 350 0 329.5 329.7 0 210 255.1 300 230 240 255.2 248.9 260 270 276.3 264.9 290 300 300 287.9 305.4 312.1 314.9 310.1 294 273.7 265.6 266.6 271.9 280 288.4 297.5 304.6 307.9 322.9 333.1 314.4 340 255.4 235.6 262.2 254.9 282.6 281 326 332.1 336.1 337.1 343.1 353.8 3.143 11.29 14.84 7.331 13.64 76.2 134.7 171 194.9 216.7 222.8 220 223.4 230.3 238.1 246.9 253 255 259.4 265.3 271.2 277 283 287.4 292.6 298.4 303.3 307 313 319.7 
311 324 308.3 296.5 330 340 335.1 323.7 0 9.987 351.1 344.8 30 0 300 344.9 240 250 270.3 270.5 270 280 288.7 278 300 310 312.1 300 320 328.1 333.4 334.4 326.3 306 289.9 285.1 287.9 294.6 302.5 311.6 317.4 319 337.8 345.1 344.6 4.353 285.6 260 277.1 266.9 295.4 292.1 334.7 340.6 345 347 353.1 1.927 9.72 16.6 20.03 17.17 23.25 45.12 68.99 105.3 163.8 226.4 232.7 225.2 228.7 236.9 246.2 256.9 262.9 263.9 267.9 274 280.3 287 293 296.7 301.6 307.4 312.6 317 323 328.8 
315.2 335.6 315.3 294.8 336.3 348.7 345.2 330 15.16 30.33 15.23 0 75.07 120 0 30 209.5 231.1 255.2 240 262 275.1 285.2 270 300 312.1 315.2 300 326.5 338 347.5 354.3 351 314.7 280.2 276.2 282.5 292.6 303.3 315.3 322.2 323.4 350.1 357.2 14.88 36.75 256.2 193.6 266.8 254.8 294 290.1 341.1 348.2 353.8 357.6 5.557 15.3 24.37 33.36 39.97 42.83 55.65 75.36 93.71 114 134.4 160 187.3 194.8 205.2 217.7 229.8 242.9 252 255 260.8 268.5 276.1 284 291.4 296 301.9 308.8 315 320.5 327.8 334.3 
292.9 306.3 269.3 269.6 324.9 338 330 314.8 8.945 30.52 0 344.8 120 164.9 210 0 209.7 224.8 240 224.8 251.3 263.7 270 254.8 287.9 300 300 284.8 307.4 317.5 323.8 319.8 285.3 249 245.7 252.5 262 273.5 284.7 296.7 306 309.9 333.2 345.2 343.8 46.36 225.1 203.3 249.9 242.8 277.8 276.6 331.5 339.2 345 348 357.1 10.22 22.3 34.77 45.16 52.67 79.99 105.6 126 146.3 164.6 184.4 197.2 200 206.6 215.6 224.7 234.4 242.4 246.2 251.8 258.9 265.7 272.2 279.5 285 291.2 298.1 304 308.6 316 323.9 
343.3 0 0 336.8 350 0 0 347.9 20.01 30 21.96 11.35 50.01 60 29.48 29.67 0 270 315.1 0 290 300 315.2 308.9 320 330 336.3 324.9 348.4 357.5 5.395 12.12 14.9 10.06 354 333.7 325.6 326.6 331.9 340 342.6 341 4.64 7.884 22.91 33.09 14.36 40.01 315.4 295.6 322.2 314.9 352.6 358.4 3.314 7.021 13.05 19.66 25.98 32.06 36.08 37.08 43.12 53.84 63.14 71.29 74.84 67.33 73.64 136.2 194.7 231 254.9 276.7 282.8 280 283.4 290.3 298.1 306.9 313 315 319.4 325.3 331.2 337 343 347.4 
0 16.67 23.16 0 0 9.987 12.07 0 30 39.99 35.15 23.71 60 69.99 51.05 44.84 90 0 0 44.93 300 310 330.3 330.5 330 340 348.7 338 2.499 11.63 20.02 28.06 33.44 34.38 26.29 5.98 349.9 345.1 347.9 354.6 355.4 352.1 17.39 18.96 37.77 45.11 44.64 64.35 345.6 320 337.1 326.9 1.579 7.407 12.59 16.99 23.02 28.83 34.7 40.63 44.96 47.04 53.07 61.93 69.72 76.6 80.03 77.17 83.25 105.1 129 165.3 223.8 286.4 292.7 285.2 288.7 296.9 306.2 316.9 322.9 323.9 327.9 334 340.3 347 353 356.7 
0 23.16 36.82 0 0 12.07 15.23 0 36.29 48.65 45.23 30 75.16 90.33 75.23 60 135.1 180 0 90 269.5 291.1 315.2 300 322 335.1 345.2 330 3.331 15.35 26.54 38.05 47.52 54.27 51.01 14.68 340.2 336.2 342.5 352.6 354 350.1 22.19 23.39 50.14 57.19 74.88 96.74 316.2 253.6 326.8 314.8 1.875 8.776 14.99 20.51 27.78 34.32 41.07 48.19 53.85 57.62 65.56 75.29 84.37 93.36 99.97 102.8 115.6 135.4 153.7 174 194.4 220 247.3 254.8 265.2 277.7 289.8 302.9 312 315 320.8 328.5 336.1 344 351.4 356 
336.8 0 0 323.2 347.9 0 0 344.8 24.85 38.04 30 14.77 68.95 90.52 60 44.77 180 224.9 270 0 269.7 284.8 300 284.8 311.3 323.7 330 314.8 344.7 356.7 7.377 17.51 23.75 19.82 345.3 309 305.7 312.5 322 333.5 337.8 336.6 6.037 9.888 33.15 45.2 43.8 106.4 285.1 263.3 309.9 302.8 351.2 358.1 3.971 8.571 16.03 23.9 31.52 39.21 44.97 47.98 57.14 70.22 82.3 94.77 105.2 112.7 140 165.6 186 206.3 224.6 244.4 257.2 260 266.6 275.6 284.7 294.4 302.4 306.2 311.8 318.9 325.7 332.2 339.5 345 
35.98 49.01 63.48 51.66 20.01 30 36.29 24.85 50.01 60 60 47.93 80.01 90 81.96 71.35 110 120 89.48 89.67 0 330 15.07 60 350 0 15.16 8.945 31.94 39.98 48.37 57.5 65.4 72.12 74.9 70.06 54.02 33.71 25.62 26.56 22.23 14.89 42.61 41.04 64.64 67.88 82.91 93.09 74.36 100 15.36 355.6 19.37 25.3 31.17 36.98 43.01 47.41 52.59 58.42 63.31 67.02 73.05 79.66 85.98 92.06 96.08 97.08 103.1 113.8 123.1 131.3 134.8 127.3 133.6 196.2 254.7 291 314.9 336.7 342.8 340 343.4 350.3 358.1 6.926 12.96 15.04 
56.04 65.13 81.4 77.6 30 39.99 48.65 38.04 60 69.99 72.07 60 90 99.99 95.15 83.71 120 130 111.1 104.8 150 0 60 104.9 0 9.987 30.33 30.52 47.88 54.6 62.5 71.63 80.02 88.06 93.44 94.38 86.29 65.98 49.94 45.1 37.09 26.91 55.36 52.12 77.39 78.96 97.77 105.1 104.6 124.4 45.64 19.99 27.94 34.02 40.34 46.95 52.98 56.69 61.58 67.41 72.59 76.99 83.02 88.83 94.7 100.6 105 107 113.1 121.9 129.7 136.6 140 137.2 143.3 165.1 189 225.3 283.8 346.4 352.7 345.2 348.7 356.9 6.162 16.88 22.92 23.92 
53.65 67.15 90.38 90.67 21.96 35.15 45.23 30 60 72.07 75.23 60 96.29 108.7 105.2 90 135.2 150.3 135.2 120 195.1 240 0 150 329.5 351.1 15.23 0 42.49 52.62 63.33 75.35 86.54 98.05 107.5 114.3 111 74.68 40.18 36.25 26.85 14.8 53.96 50.11 82.19 83.39 110.1 117.2 134.9 156.7 16.2 313.6 20.79 28.48 36.1 43.97 51.43 56.03 61.88 68.78 74.99 80.51 87.78 94.32 101.1 108.2 113.8 117.6 125.6 135.3 144.4 153.4 160 162.8 175.6 195.4 213.7 234 254.4 280 307.3 314.8 325.2 337.7 349.8 2.859 12.02 15.03 
24.41 44.82 65.21 44.68 11.35 23.71 30 14.77 47.93 60 60 44.77 84.85 98.04 90 74.77 128.9 150.5 120 104.8 240 284.9 330 0 329.7 344.8 0 344.8 21.95 33.46 44.65 56.67 67.38 77.51 83.75 79.82 45.32 8.993 5.727 12.48 9.864 2.805 37.81 36.61 66.04 69.89 93.15 105.2 103.8 166.4 345.1 323.3 11.81 18.93 25.68 32.22 39.49 45.01 51.22 58.12 63.97 68.57 76.03 83.9 91.52 99.21 105 108 117.1 130.2 142.3 154.8 165.2 172.7 200 225.6 246 266.3 284.6 304.4 317.2 320 326.6 335.6 344.7 354.4 2.38 6.151 
102.4 98.6 114.9 124 50.01 60 75.16 68.95 80.01 90 96.29 84.85 110 120 120 107.9 140 150 142 131.3 170 180 149.5 149.7 0 30 75.07 120 85.62 86.56 91.94 99.98 108.4 117.5 125.4 132.1 134.9 130.1 114 93.71 75.36 55.65 82.23 74.89 102.6 101 124.6 127.9 142.9 153.1 134.4 160 43.4 50.28 58.07 66.93 72.96 75.04 79.37 85.3 91.17 96.98 103 107.4 112.6 118.4 123.3 127 133 139.7 146 152.1 156.1 157.1 163.1 173.8 183.1 191.3 194.8 187.3 193.6 256.2 314.7 351 14.87 36.74 42.83 39.97 
128.3 116.5 131 144 60 69.99 90.33 90.52 90 99.99 108.7 98.04 120 130 132.1 120 150 160 155.1 143.7 180 190 171.1 164.8 210 0 120 164.9 109.9 105.1 107.9 114.6 122.5 131.6 140 148.1 153.4 154.4 146.3 126 105.6 79.99 97.09 86.91 115.4 112.1 137.4 139 157.8 165.1 164.6 184.4 48.71 56.86 66.16 76.88 82.92 83.92 87.94 94.02 100.3 107 113 116.7 121.6 127.4 132.6 137 143 148.8 154.7 160.6 165 167 173.1 181.9 189.7 196.6 200 197.2 203.3 225.1 249 285.3 343.8 46.36 52.67 45.16 
135.3 114.8 135.2 155.6 29.48 51.05 75.23 60 81.96 95.15 105.2 90 120 132.1 135.2 120 156.3 168.7 165.2 150 195.2 210.3 195.2 180 255.1 300 0 210 100.2 96.25 102.5 112.6 123.3 135.3 146.5 158 167.5 174.3 171 134.7 76.2 13.64 86.85 74.8 114 110.1 142.2 143.4 170.1 177.2 194.9 216.7 25.23 37.7 49.78 62.86 72.02 75.03 80.79 88.48 96.1 104 111.4 116 121.9 128.8 135 140.5 147.8 154.3 161.1 168.2 173.8 177.6 185.6 195.3 204.4 213.4 220 222.8 235.6 255.4 273.7 294 314.4 340 7.331 14.84 
89.33 89.62 112.9 126.3 29.67 44.84 60 44.77 71.35 83.71 90 74.77 107.9 120 120 104.8 144.9 158 150 134.8 188.9 210.5 180 164.8 300 344.9 30 0 65.73 72.48 81.95 93.46 104.7 116.7 127.4 137.5 143.8 139.8 105.3 68.99 45.12 23.26 69.86 62.81 97.81 96.61 126 129.9 153.2 165.2 163.8 226.4 26.64 35.63 44.7 54.44 62.38 66.15 71.81 78.93 85.68 92.22 99.49 105 111.2 118.1 124 128.6 136 143.9 151.5 159.2 165 168 177.1 190.2 202.3 214.8 225.2 232.7 260 285.6 306 326.3 344.6 4.352 17.17 20.03 
194.7 129 153.7 186 354 26.29 51.01 345.3 74.9 93.44 107.5 83.75 125.4 140 146.5 127.4 168.4 182.5 183.3 164.7 211.9 227.9 222.5 202 265.6 289.9 280.2 245.7 0 90 104.5 120 134.5 150 164.5 180 194.5 210 224.5 240 300 315.5 75.54 60 120 113.6 156 154.9 191.2 194.9 229.6 240 0 15.54 30 45.54 60 66.39 74.86 85.09 94.91 105.1 114.7 120 126.8 135 142.7 150 158.5 165 172.1 180 186.8 192.6 201.4 210 218.5 227.4 234.7 240 251.2 264 276 288.8 300 310.4 330 345.5 
231 165.3 174 206.3 333.7 5.98 14.68 309 70.06 94.38 114.3 79.82 132.1 148.1 158 137.5 177.5 191.6 195.3 176.7 220 234.6 232.6 213.5 266.6 285.1 276.2 252.5 270 0 120 135.5 150 165.5 180 195.5 210 225.5 240 255.5 284.5 300 60 44.46 130.4 120 168.8 165.1 204 205.1 240 246.4 344.5 0 14.46 30 49.62 60 71.24 83.98 96.02 108.8 120 125.3 132.6 141.5 150 158.6 167.4 173.2 180 187.9 195 201.5 210 217.3 225 233.2 240 245.3 254.9 265.1 274.9 285.1 293.6 300 314.5 330 
254.9 223.8 194.4 224.6 325.6 349.9 340.2 305.7 54.02 86.29 111 45.32 134.9 153.4 167.5 143.8 185.4 200 206.5 187.4 228.4 242.5 243.3 224.7 271.9 287.9 282.5 262 284.5 300 0 150 164.5 180 194.5 210 224.5 240 254.5 270 289.6 300 0 15.54 135.5 120 180 173.6 216 214.9 251.2 254.9 336 348.8 0 10.38 30 45.54 60 75.54 90 105.5 120 126.4 134.9 145.1 154.9 165.1 174.7 180 186.8 195 202.7 210 218.5 225 232.1 240 246.8 252.6 261.4 270 278.5 287.4 294.7 300 311.2 324 
276.7 286.4 220 244.4 326.6 345.1 336.2 312.5 33.71 65.98 74.68 8.993 130.1 154.4 174.3 139.8 192.1 208.1 218 197.5 237.5 251.6 255.3 236.7 280 294.6 292.6 273.5 300 315.5 330 0 180 195.5 210 225.5 240 255.5 270 285.5 300 306.4 344.5 0 120 104.5 190.4 180 228.8 225.1 264 265.1 334.9 345.1 353.6 0 14.46 30 44.46 60 74.46 90 109.6 120 131.2 144 156 168.8 180 185.3 192.6 201.5 210 218.6 227.4 233.2 240 247.9 255 261.5 270 277.3 285 293.2 300 305.3 314.9 325.1 
295.6 320 253.6 263.3 331.9 347.9 342.5 322 25.62 49.94 40.18 5.727 114 146.3 171 105.3 194.9 213.4 227.5 203.8 245.4 260 266.5 247.4 288.4 302.5 303.3 284.7 314.5 330 344.5 0 0 210 224.5 240 254.5 270 284.5 300 311.2 314.9 349.6 0 60 75.54 195.5 180 240 233.6 276 274.9 338.5 347.4 354.7 0 11.24 23.98 36.02 48.76 60 70.38 90 105.5 120 135.5 150 165.5 180 186.4 194.9 205.1 214.9 225.1 234.7 240 246.8 255 262.7 270 278.5 285 292.1 300 306.8 312.6 321.4 330 
315.4 345.6 316.2 285.1 340 354.6 352.6 333.5 26.56 45.1 36.25 12.48 93.71 126 134.7 68.99 190.1 214.4 234.3 199.8 252.1 268.1 278 257.5 297.5 311.6 315.3 296.7 330 345.5 0 15.54 30 0 240 255.5 270 285.5 300 315.5 324 325.1 0 6.392 44.46 60 180 164.5 250.4 240 288.8 285.1 345 353.2 0 5.295 14.86 25.09 34.91 45.14 53.61 60 74.46 90 104.5 120 134.5 150 169.6 180 191.2 204 216 228.8 240 245.3 252.6 261.5 270 278.6 287.4 293.2 300 307.9 315 321.5 330 337.3 
333.7 5.98 14.68 309 348.4 2.499 3.331 344.7 31.94 47.88 42.49 21.95 85.62 109.9 100.2 65.73 174 206.3 231 165.3 254.9 273.4 287.5 263.8 305.4 320 326.5 307.4 344.5 0 14.46 30 44.46 60 0 270 284.5 300 314.5 330 336 334.9 11.24 14.86 49.62 60 120 135.5 255.5 240 300 293.6 352.1 0 6.844 12.57 21.41 30 38.51 47.43 54.71 60 71.24 83.98 96.02 108.8 120 130.4 150 165.5 180 195.5 210 225.5 240 246.4 254.9 265.1 274.9 285.1 294.7 300 306.8 315 322.7 330 338.5 345 
354 26.29 51.01 345.3 357.5 11.63 15.35 356.7 39.98 54.6 52.62 33.46 86.56 105.1 96.25 72.48 153.7 186 194.7 129 250.1 274.4 294.3 259.8 312.1 328.1 338 317.5 0 15.54 30 45.54 60 75.54 90 0 300 315.5 330 345.5 348.8 345.1 23.98 25.09 60 66.39 104.5 120 240 224.5 310.4 300 0 7.914 15.04 21.49 30 37.33 44.96 53.16 60 65.29 74.86 85.09 94.91 105.1 113.6 120 134.5 150 164.5 180 194.5 210 229.6 240 251.2 264 276 288.8 300 305.3 312.6 321.5 330 338.6 347.4 353.2 
14.36 44.64 74.88 43.8 5.395 20.02 26.54 7.377 48.37 62.5 63.33 44.65 91.94 107.9 102.5 81.95 145.6 169.9 160.2 125.7 234 266.3 291 225.3 314.9 333.4 347.5 323.8 14.46 30 44.46 60 74.46 90 104.5 120 0 330 344.5 0 0 353.6 36.02 34.91 71.24 74.86 109.6 120 180 195.5 315.5 300 6.844 15.04 22.67 30 38.51 44.96 52.09 60 66.84 72.57 81.41 90 98.51 107.4 114.7 120 131.2 144 156 168.8 180 190.4 210 225.5 240 255.5 270 285.5 300 306.4 314.9 325.1 334.9 345.1 354.7 0 
40.01 64.35 96.74 106.4 12.12 28.06 38.05 17.51 57.5 71.63 75.35 56.67 99.98 114.6 112.6 93.46 146.6 165.1 156.2 132.5 213.7 246 254.7 189 310.1 334.4 354.3 319.8 30 45.54 60 75.54 90 105.5 120 135.5 150 0 0 15.54 10.38 0 48.76 45.14 83.98 85.09 120 126.4 164.5 180 300 284.5 12.57 21.49 30 38.59 47.43 53.16 60 67.91 75.04 81.49 90 97.33 105 113.2 120 125.3 134.9 145.1 154.9 165.1 173.6 180 194.5 210 224.5 240 254.5 270 289.6 300 311.2 324 336 348.8 0 5.295 
73.64 83.26 115.6 140 14.9 33.44 47.52 23.75 65.4 80.02 86.54 67.38 108.4 122.5 123.3 104.7 151.9 167.9 162.5 142 205.6 229.9 220.2 185.7 294 326.3 351 285.3 44.46 60 74.46 90 104.5 120 134.5 150 164.5 180 0 30 15.54 0 60 53.61 96.02 94.91 131.2 134.9 169.6 180 240 255.5 14.86 25.09 34.91 45.14 54.71 60 66.84 75.04 82.67 90 98.51 105 112.1 120 126.8 132.6 141.4 150 158.5 167.4 174.7 180 191.2 204 216 228.8 240 250.4 270 285.5 300 315.5 330 345.5 0 6.392 
136.2 105.1 135.4 165.6 10.06 34.38 54.27 19.82 72.12 88.06 98.05 77.51 117.5 131.6 135.3 116.7 160 174.6 172.6 153.5 206.6 225.1 216.2 192.5 273.7 306 314.7 249 60 75.54 90 105.5 120 135.5 150 165.5 180 195.5 210 0 0 344.5 70.38 60 108.8 105.1 144 145.1 180 186.4 224.5 240 11.24 23.98 36.02 48.76 60 65.29 72.57 81.49 90 98.59 107.4 113.2 120 127.9 135 141.5 150 157.3 165 173.2 180 185.3 194.9 205.1 214.9 225.1 233.6 240 254.5 270 284.5 300 314.5 330 349.6 0 
160.2 125.7 145.6 169.9 14.36 44.64 74.88 43.8 82.91 97.77 110.1 93.15 124.6 137.4 142.2 126 162.6 175.4 174 157.8 202.2 217.1 206.8 189.9 255.4 285.6 256.2 225.1 120 104.5 109.6 120 131.2 144 156 168.8 180 190.4 195.5 180 0 330 90 74.46 120 114.7 150 150 180 185.3 210 225.5 14.46 30 44.46 60 71.24 74.86 81.41 90 98.51 107.4 115.5 120 126 133.3 140 146.2 153.8 160 166.7 174 180 184.5 192.6 201.5 210 218.6 225.1 228.8 240 255.5 270 285.5 300 315.5 344.5 0 
156.2 132.5 146.6 165.1 40.01 64.35 96.74 106.4 93.09 105.1 117.2 105.2 127.9 139 143.4 129.9 161 172.1 170.1 156.6 194.9 206.9 194.8 182.8 235.6 260 193.6 203.3 135.5 120 120 126.4 134.9 145.1 154.9 165.1 173.6 180 180 164.5 150 0 105.5 90 125.3 120 150 150 174.7 180 194.5 210 30 45.54 60 75.54 83.98 85.09 90 97.33 105 113.2 120 123.5 128.7 135.1 141.1 146.7 153.3 158.9 164.9 171.3 176.5 180 186.8 195 202.7 210 214.9 216 224.5 240 254.5 270 284.5 300 0 15.54 
234.3 199.8 190.1 214.4 315.4 345.6 316.2 285.1 74.36 104.6 134.9 103.8 142.9 157.8 170.1 153.2 184.6 197.4 202.2 186 222.6 235.4 234 217.8 262.2 277.1 266.8 249.9 255.5 240 180 164.5 169.6 180 191.2 204 216 228.8 240 250.4 270 285.5 0 30 150 134.5 180 174.7 210 210 240 245.3 330 345.5 0 15.54 44.46 60 74.46 90 104.5 120 131.2 134.9 141.4 150 158.5 167.4 175.5 180 186 193.3 200 206.2 213.8 220 226.7 234 240 244.5 252.6 261.5 270 278.6 285.1 288.8 300 315.5 
227.5 203.8 194.9 213.4 295.6 320 253.6 263.3 100 124.4 156.7 166.4 153.1 165.1 177.2 165.2 187.9 199 203.4 189.9 221 232.1 230.1 216.6 254.9 266.9 254.8 242.8 240 224.5 195.5 180 180 186.4 194.9 205.1 214.9 225.1 233.6 240 254.5 270 210 0 165.5 150 185.3 180 210 210 234.7 240 314.5 330 344.5 0 60 75.54 90 105.5 120 135.5 144 145.1 150 157.3 165 173.2 180 183.5 188.7 195.1 201.1 206.7 213.3 218.9 224.9 231.3 236.5 240 246.8 255 262.7 270 274.9 276 284.5 300 
282.8 292.7 247.3 257.2 322.2 337.1 326.8 309.9 15.36 45.64 16.2 345.1 134.4 164.6 194.9 163.8 202.9 217.8 230.1 213.2 244.6 257.4 262.2 246 282.6 295.4 294 277.8 300 310.4 315.5 300 240 224.5 229.6 240 251.2 264 276 288.8 300 305.3 330 345.5 0 90 210 194.5 240 234.7 270 270 330 338.6 345.1 348.8 0 15.54 30 45.54 60 75.54 104.5 120 134.5 150 164.5 180 191.2 194.9 201.4 210 218.5 227.4 235.5 240 246 253.3 260 266.2 273.8 280 286.7 294 300 304.5 312.6 321.5 
280 285.2 254.8 260 314.9 326.9 314.8 302.8 355.6 19.99 313.6 323.3 160 184.4 216.7 226.4 213.1 225.1 237.2 225.2 247.9 259 263.4 249.9 281 292.1 290.1 276.6 293.6 300 300 284.5 255.5 240 240 246.4 254.9 265.1 274.9 285.1 294.7 300 314.5 330 270 0 225.5 210 245.3 240 270 270 322.7 330 334.9 336 344.5 0 14.46 30 44.46 60 120 135.5 150 165.5 180 195.5 204 205.1 210 217.3 225 233.2 240 243.5 248.7 255.1 261.1 266.7 273.3 278.9 284.9 291.3 296.5 300 306.8 315 
325.6 349.9 340.2 305.7 342.6 355.4 354 337.8 22.23 37.09 26.85 9.864 75.36 105.6 76.2 45.12 194.4 224.6 254.9 223.8 262.9 277.8 290.1 273.2 304.6 317.4 322.2 306 336 348.8 0 10.38 15.54 0 300 284.5 289.6 300 311.2 324 330 330 0 5.295 30 45.54 0 150 270 254.5 300 294.7 346.7 354 0 4.518 12.57 21.49 30 38.59 45.14 48.76 60 75.54 90 105.5 120 135.5 164.5 180 194.5 210 224.5 240 251.2 254.9 261.4 270 278.5 287.4 295.5 300 306 313.3 320 326.2 333.8 340 
326.6 345.1 336.2 312.5 341 352.1 350.1 336.6 14.89 26.91 14.8 2.805 55.65 79.99 13.64 23.26 220 244.4 276.7 286.4 273.1 285.1 297.2 285.2 307.9 319 323.4 309.9 334.9 345.1 353.6 0 0 344.5 315.5 300 300 306.4 314.9 325.1 330 330 354.7 0 14.46 30 330 0 285.5 270 305.3 300 344.9 351.3 356.5 0 6.844 15.04 22.67 30 34.91 36.02 44.46 60 74.46 90 104.5 120 180 195.5 210 225.5 240 255.5 264 265.1 270 277.3 285 293.2 300 303.5 308.7 315.1 321.1 326.7 333.3 338.9 
10.06 34.38 54.27 19.82 4.64 17.39 22.19 6.037 42.61 55.36 53.96 37.81 82.23 97.09 86.85 69.86 135.4 165.6 136.2 105.1 254.4 284.6 314.9 283.8 322.9 337.8 350.1 333.2 11.24 23.98 36.02 48.76 60 70.38 75.54 60 0 344.5 349.6 0 0 354.7 30 30 60 65.29 90 105.5 0 210 330 314.5 6.018 13.28 19.98 26.21 33.79 40.02 46.72 53.98 60 64.52 72.57 81.49 90 98.59 105.1 108.8 120 135.5 150 165.5 180 195.5 224.5 240 254.5 270 284.5 300 311.2 314.9 321.4 330 338.5 347.4 355.5 0 
14.9 33.44 47.52 23.75 7.884 18.96 23.39 9.888 41.04 52.12 50.11 36.61 74.89 86.91 74.8 62.81 115.6 140 73.64 83.26 280 304.4 336.7 346.4 333.1 345.1 357.2 345.2 14.86 25.09 34.91 45.14 53.61 60 60 44.46 15.54 0 0 6.392 5.295 0 30 30 54.71 60 74.46 90 30 0 345.5 330 8.719 15.14 21.13 26.68 33.32 38.87 44.86 51.28 56.45 60 66.84 75.04 82.67 90 94.91 96.02 104.5 120 134.5 150 164.5 180 240 255.5 270 285.5 300 315.5 324 325.1 330 337.3 345 353.2 0 3.55 
67.33 77.17 102.8 112.7 22.91 37.77 50.14 33.15 64.64 77.39 82.19 66.04 102.6 115.4 114 97.81 142.2 157.1 146.8 129.9 195.4 225.6 196.2 165.1 314.4 344.6 14.88 343.8 49.62 60 71.24 83.98 96.02 108.8 120 130.4 135.5 120 60 44.46 30 14.46 60 54.71 90 90 120 125.3 150 165.5 0 270 21.41 30 38.51 47.43 55.48 60 66.02 73.28 79.98 86.21 93.79 100 106.7 114 120 124.5 132.6 141.5 150 158.6 165.1 168.8 180 195.5 210 225.5 240 255.5 284.5 300 314.5 330 344.5 0 11.24 14.86 
74.84 80.03 99.97 105.2 33.09 45.11 57.19 45.2 67.88 78.96 83.39 69.89 101 112.1 110.1 96.61 134.9 146.9 134.8 122.8 175.6 200 133.6 143.3 340 4.353 36.75 46.36 60 66.39 74.86 85.09 94.91 105.1 113.6 120 120 104.5 75.54 60 45.54 30 65.29 60 90 90 114.7 120 134.5 150 90 0 30 37.33 44.96 53.16 60 63.55 68.72 75.14 81.13 86.68 93.32 98.87 104.9 111.3 116.5 120 126.8 135 142.7 150 154.9 156 164.5 180 194.5 210 224.5 240 300 315.5 330 345.5 0 15.54 23.98 25.09 
183.3 164.7 168.4 182.5 194.7 129 153.7 186 123.1 129.7 144.4 142.3 146 154.7 161.1 151.5 172.6 181.6 181.9 171.2 199.4 207.9 200.8 191.8 223.4 228.7 205.2 206.6 180 164.5 156 154.9 158.5 165 172.1 180 186.8 192.6 194.9 191.2 194.5 210 150 134.5 150 142.7 166.7 164.9 186 188.7 201.4 210 0 90 104.5 120 120 113.6 114.7 120 126.8 135 140 141.1 144.7 150 155.4 160.9 166.3 170.1 174.7 180 184.5 187.9 193.2 199.1 204.7 210 213.3 213.8 218.5 227.4 234.7 240 240 229.6 224.5 240 
195.3 176.7 177.5 191.6 231 165.3 174 206.3 131.3 136.6 153.4 154.8 152.1 160.6 168.2 159.2 178.4 187.4 188.8 178.1 205.3 214 208.5 198.9 230.3 236.9 217.7 215.6 195.5 180 168.8 165.1 167.4 173.2 180 187.9 195 201.5 205.1 204 210 225.5 165.5 150 158.6 150 174 171.3 193.3 195.1 210 217.3 270 0 120 135.5 130.4 120 120 125.3 132.6 141.5 146.2 146.7 150 155.3 160.9 166.8 172.1 175.5 180 185.3 189.9 193.7 199.1 204.6 210 215.3 218.9 220 225 233.2 240 245.3 246.4 240 240 255.5 
206.5 187.4 185.4 200 254.9 223.8 194.4 224.6 134.8 140 160 165.2 156.1 165 173.8 165 183.3 192.6 195 184 211.2 220.3 216.1 205.7 238.1 246.2 229.8 224.7 210 194.5 180 173.6 174.7 180 186.8 195 202.7 210 214.9 216 224.5 240 180 164.5 165.1 154.9 180 176.5 200 201.1 218.5 225 284.5 300 0 150 135.5 120 120 126.4 134.9 145.1 150 150 153.3 158.9 164.9 171.3 176.8 180 184.5 189.9 194.9 199.1 204.7 210 215.4 220.9 224.9 226.7 232.1 240 246.8 252.6 254.9 251.2 254.5 270 
218 197.5 192.1 208.1 276.7 286.4 220 244.4 127.3 137.2 162.8 172.7 157.1 167 177.6 168 187 197 200.5 188.6 217 227 224 212.2 246.9 256.9 242.9 234.4 225.5 210 190.4 180 180 185.3 192.6 201.5 210 218.6 225.1 228.8 240 255.5 195.5 180 168.8 156 184.5 180 206.2 206.7 227.4 233.2 300 315.5 330 0 120 104.5 109.6 120 131.2 144 150 150 153.8 160 166.7 174 180 183.2 187.9 193.7 199.1 204 210 215.3 220.9 226.8 231.3 234 240 247.9 255 261.5 265.1 264 270 285.5 
230.1 213.2 202.9 217.8 282.8 292.7 247.3 257.2 133.6 143.3 175.6 200 163.1 173.1 185.6 177.1 193 203 207.8 196 223 233 231.4 219.5 253 262.9 252 242.4 240 229.6 210 194.5 191.2 194.9 201.4 210 218.5 227.4 234.7 240 251.2 264 224.5 240 180 164.5 192.6 186.8 213.8 213.3 235.5 240 300 310.4 315.5 300 0 90 104.5 120 134.5 150 156 154.9 158.5 165 172.1 180 186 188.7 193.2 199.1 204.7 210 216 220.9 226.3 232.1 236.8 240 246 253.3 260 266.2 270 270 276 288.8 
237.2 225.2 213.1 225.1 280 285.2 254.8 260 196.2 165.1 195.4 225.6 173.8 181.9 195.3 190.2 199.7 208.8 214.3 203.9 227.4 236.7 236 225 255 263.9 255 246.2 246.4 240 225.5 210 204 205.1 210 217.3 225 233.2 240 245.3 254.9 265.1 240 255.5 195.5 180 201.5 195 220 218.9 240 243.5 293.6 300 300 284.5 270 0 120 135.5 150 165.5 168.8 165.1 167.4 173.2 180 187.9 193.3 195.1 199.1 204.6 210 215.3 220.9 225.1 230.1 235.5 240 243.2 248.7 255.1 261.1 266.7 270 270 274.9 285.1 
245.6 237.1 223.1 233.1 283.4 288.7 265.2 266.6 254.7 189 213.7 246 183.1 189.7 204.4 202.3 206 214.7 221.1 211.5 232.6 241.6 241.9 231.2 259.4 267.9 260.8 251.8 254.9 251.2 240 224.5 216 214.9 218.5 225 232.1 240 246.8 252.6 261.4 270 254.5 270 210 194.5 210 202.7 226.7 224.9 246 248.7 294.7 300 300 289.6 284.5 300 0 150 164.5 180 180 173.6 174.7 180 186.8 195 200 201.1 204.7 210 215.4 220.9 226.3 230.1 234.7 240 244.5 247.9 253.2 259.1 264.7 270 273.3 273.8 278.5 287.4 
255.3 250.2 233.8 241.9 290.3 296.9 277.7 275.6 291 225.3 234 266.3 191.3 196.6 213.4 214.8 212.1 220.6 228.2 219.2 238.4 247.4 248.8 238.1 265.3 274 268.5 258.9 265.1 264 255.5 240 228.8 225.1 227.4 233.2 240 247.9 255 261.5 270 277.3 270 285.5 225.5 210 218.6 210 234 231.3 253.3 255.1 300 305.3 306.4 300 300 315.5 330 0 180 195.5 190.4 180 180 185.3 192.6 201.5 206.2 206.7 210 215.3 220.9 226.8 232.1 235.5 240 245.3 249.9 253.7 259.1 264.6 270 275.3 278.9 280 285 293.2 
264.4 262.3 243.1 249.7 298.1 306.2 289.8 284.7 314.9 283.8 254.4 284.6 194.8 200 220 225.2 216.1 225 233.8 225 243.3 252.6 255 244 271.2 280.3 276.1 265.7 274.9 276 270 254.5 240 233.6 234.7 240 246.8 255 262.7 270 278.5 285 284.5 300 240 224.5 225.1 214.9 240 236.5 260 261.1 306.8 312.6 314.9 311.2 314.5 330 344.5 0 0 210 195.5 180 180 186.4 194.9 205.1 210 210 213.3 218.9 224.9 231.3 236.8 240 244.5 249.9 254.9 259.1 264.7 270 275.4 280.9 284.9 286.7 292.1 300 
273.4 274.8 251.3 256.6 306.9 316.9 302.9 294.4 336.7 346.4 280 304.4 187.3 197.2 222.8 232.7 217.1 227 237.6 228 247 257 260.5 248.6 277 287 284 272.2 285.1 288.8 285.5 270 250.4 240 240 245.3 252.6 261.5 270 278.6 287.4 293.2 300 315.5 255.5 240 228.8 216 244.5 240 266.2 266.7 315 321.5 325.1 324 330 345.5 0 15.54 30 0 180 164.5 169.6 180 191.2 204 210 210 213.8 220 226.7 234 240 243.2 247.9 253.7 259.1 264 270 275.3 280.9 286.8 291.3 294 300 307.9 
283.4 288.7 265.2 266.6 313 322.9 312 302.4 342.8 352.7 307.3 317.2 193.6 203.3 235.6 260 223.1 233.1 245.6 237.1 253 263 267.8 256 283 293 291.4 279.5 294.7 300 300 289.6 270 254.5 251.2 254.9 261.4 270 278.5 287.4 295.5 300 311.2 324 284.5 300 240 224.5 252.6 246.8 273.8 273.3 320 326.2 330 330 336 348.8 0 10.38 15.54 0 0 150 164.5 180 194.5 210 216 214.9 218.5 225 232.1 240 246 248.7 253.2 259.1 264.7 270 276 280.9 286.3 292.1 296.8 300 306 313.3 
290.3 296.9 277.7 275.6 315 323.9 315 306.2 340 345.2 314.8 320 256.2 225.1 255.4 285.6 233.8 241.9 255.3 250.2 259.7 268.8 274.3 263.9 287.4 296.7 296 285 300 305.3 306.4 300 285.5 270 264 265.1 270 277.3 285 293.2 300 303.5 314.9 325.1 300 315.5 255.5 240 261.5 255 280 278.9 321.1 326.7 330 330 334.9 345.1 353.6 0 0 344.5 330 0 180 195.5 210 225.5 228.8 225.1 227.4 233.2 240 247.9 253.3 255.1 259.1 264.6 270 275.3 280.9 285.1 290.1 295.5 300 303.2 308.7 315.1 
298.1 306.2 289.8 284.7 319.4 327.9 320.8 311.8 343.4 348.7 325.2 326.6 314.7 249 273.7 306 243.1 249.7 264.4 262.3 266 274.7 281.1 271.5 292.6 301.6 301.9 291.2 306.8 312.6 314.9 311.2 300 284.5 276 274.9 278.5 285 292.1 300 306 308.7 321.4 330 314.5 330 270 254.5 270 262.7 286.7 284.9 324.7 330 333.3 333.8 338.5 347.4 354.7 0 0 349.6 344.5 0 0 210 224.5 240 240 233.6 234.7 240 246.8 255 260 261.1 264.7 270 275.4 280.9 286.3 290.1 294.7 300 304.5 307.9 313.2 319.1 
306.9 316.9 302.9 294.4 325.3 334 328.5 318.9 350.3 356.9 337.7 335.6 351 285.3 294 326.3 251.3 256.6 273.4 274.8 272.1 280.6 288.2 279.2 298.4 307.4 308.8 298.1 315 321.5 325.1 324 315.5 300 288.8 285.1 287.4 293.2 300 307.9 313.3 315.1 330 337.3 330 345.5 285.5 270 278.6 270 294 291.3 330 335.3 338.9 340 345 353.2 0 5.295 6.393 0 0 15.54 30 0 240 255.5 250.4 240 240 245.3 252.6 261.5 266.2 266.7 270 275.3 280.9 286.8 292.1 295.5 300 305.3 309.9 313.7 319.1 324.6 
314.9 326.9 314.8 302.8 331.2 340.3 336.1 325.7 358.1 6.162 349.8 344.7 14.87 343.8 314.4 344.6 254.8 260 280 285.2 276.1 285 293.8 285 303.3 312.6 315 304 322.7 330 334.9 336 330 314.5 300 293.6 294.7 300 306.8 315 320 321.1 338.5 345 344.5 0 300 284.5 285.1 274.9 300 296.5 335.4 340.9 344.9 346.7 352.1 0 6.844 12.57 14.86 11.24 14.46 30 44.46 60 0 270 255.5 240 240 246.4 254.9 265.1 270 270 273.3 278.9 284.9 291.3 296.8 300 304.5 309.9 314.9 319.1 324.7 330 
322.2 337.1 326.8 309.9 337 347 344 332.2 6.926 16.88 2.859 354.4 36.74 46.36 340 4.352 247.3 257.2 282.8 292.7 277.1 287 297.6 288 307 317 320.5 308.6 330 338.6 345.1 348.8 345.5 330 310.4 300 300 305.3 312.6 321.5 326.2 326.7 347.4 353.2 0 15.54 315.5 300 288.8 276 304.5 300 340.9 346.8 351.3 354 0 7.914 15.04 21.49 25.09 23.98 30 45.54 60 75.54 90 0 240 224.5 229.6 240 251.2 264 270 270 273.8 280 286.7 294 300 303.2 307.9 313.7 319.1 324 330 335.3 
331.9 347.9 342.5 322 343 353 351.4 339.5 12.96 22.92 12.02 2.38 42.83 52.67 7.331 17.17 253.6 263.3 295.6 320 283.1 293.1 305.6 297.1 313 323 327.8 316 338.5 347.4 354.7 0 0 349.6 330 314.5 311.2 314.9 321.4 330 333.8 333.3 355.5 0 11.24 23.98 344.5 0 300 284.5 312.6 306.8 346.3 352.1 356.8 0 6.018 13.28 19.98 26.21 30 30 36.02 48.76 60 70.38 75.54 60 0 210 224.5 240 254.5 270 276 274.9 278.5 285 292.1 300 306 308.7 313.2 319.1 324.7 330 336 340.9 
340 354.6 352.6 333.5 347.4 356.7 356 345 15.04 23.92 15.03 6.151 39.97 45.16 14.84 20.03 316.2 285.1 315.4 345.6 293.8 301.9 315.3 310.2 319.7 328.8 334.3 323.9 345 353.2 0 5.295 6.392 0 345.5 330 324 325.1 330 337.3 340 338.9 0 3.55 14.86 25.09 0 15.54 315.5 300 321.5 315 350.1 355.5 0 3.183 8.719 15.14 21.13 26.68 30 30 34.91 45.14 53.61 60 60 44.46 30 0 240 255.5 270 285.5 288.8 285.1 287.4 293.2 300 307.9 313.3 315.1 319.1 324.6 330 335.3 340.9 345.1 
348.4 2.499 3.331 344.7 352.6 1.579 1.875 351.2 19.37 27.94 20.79 11.81 43.4 48.71 25.23 26.64 14.68 309 333.7 5.98 303.1 309.7 324.4 322.3 326 334.7 341.1 331.5 352.1 0 6.844 12.57 14.86 11.24 0 344.5 336 334.9 338.5 345 346.7 344.9 6.018 8.719 21.41 30 14.46 30 330 314.5 330 322.7 354.7 0 4.472 7.87 13.24 19.11 24.71 30 33.32 33.79 38.51 47.43 54.71 60 60 49.62 44.46 60 0 270 284.5 300 300 293.6 294.7 300 306.8 315 320 321.1 324.7 330 335.4 340.9 346.3 350.1 
357.5 11.63 15.35 356.7 358.4 7.407 8.776 358.1 25.3 34.02 28.48 18.93 50.28 56.86 37.7 35.63 51.01 345.3 354 26.29 311.3 316.6 333.4 334.8 332.1 340.6 348.2 339.2 0 7.914 15.04 21.49 25.09 23.98 15.54 0 348.8 345.1 347.4 353.2 354 351.3 13.28 15.14 30 37.33 30 45.54 345.5 330 338.6 330 0 5.295 9.93 13.71 19.11 24.59 30 35.29 38.87 40.02 44.96 53.16 60 65.29 66.39 60 60 75.54 90 0 300 315.5 310.4 300 300 305.3 312.6 321.5 326.2 326.7 330 335.3 340.9 346.8 352.1 355.5 
5.395 20.02 26.54 7.377 3.314 12.59 14.99 3.971 31.17 40.34 36.1 25.68 58.07 66.16 49.78 44.7 74.88 43.8 14.36 44.64 314.8 320 340 345.2 336.1 345 353.8 345 6.844 15.04 22.67 30 34.91 36.02 30 14.46 0 353.6 354.7 0 0 356.5 19.98 21.13 38.51 44.96 44.46 60 0 344.5 345.1 334.9 4.472 9.93 14.86 19.11 24.71 30 35.41 40.89 44.86 46.72 52.09 60 66.84 72.57 74.86 71.24 74.46 90 104.5 120 0 330 315.5 300 300 306.4 314.9 325.1 330 330 333.3 338.9 344.9 351.3 356.8 0 
12.12 28.06 38.05 17.51 7.021 16.99 20.51 8.571 36.98 46.95 43.97 32.22 66.93 76.88 62.86 54.44 96.75 106.4 40.01 64.35 307.3 317.2 342.8 352.7 337.1 347 357.6 348 12.57 21.49 30 38.59 45.14 48.76 45.54 30 10.38 0 0 5.295 4.518 0 26.21 26.68 47.43 53.16 60 75.54 15.54 0 348.8 336 7.87 13.71 19.11 23.98 30 35.29 40.89 46.76 51.28 53.98 60 67.91 75.04 81.49 85.09 83.98 90 105.5 120 135.5 150 0 300 284.5 289.6 300 311.2 324 330 330 333.8 340 346.7 354 0 3.183 
22.91 37.77 50.14 33.15 13.05 23.02 27.78 16.03 43.01 52.98 51.43 39.49 72.96 82.92 72.02 62.38 102.8 112.7 67.33 77.17 313.6 323.3 355.6 19.99 343.1 353.1 5.557 357.1 21.41 30 38.51 47.43 54.71 60 60 49.62 30 14.46 11.24 14.86 12.57 6.844 33.79 33.32 55.48 60 71.24 83.98 44.46 60 0 344.5 13.24 19.11 24.71 30 36.02 40.89 46.29 52.13 56.82 60 66.02 73.28 79.98 86.21 90 90 96.02 108.8 120 130.4 135.5 120 0 270 284.5 300 314.5 330 336 334.9 338.5 345 352.1 0 6.018 8.719 
33.09 45.11 57.19 45.2 19.66 28.83 34.32 23.9 47.41 56.69 56.03 45.01 75.04 83.92 75.03 66.15 99.97 105.2 74.84 80.03 16.2 345.1 15.36 45.64 353.8 1.927 15.3 10.22 30 37.33 44.96 53.16 60 65.29 66.39 60 45.54 30 23.98 25.09 21.49 15.04 40.02 38.87 60 63.55 74.86 85.09 60 75.54 15.54 0 19.11 24.59 30 35.29 40.89 45.14 50.07 55.53 60 63.18 68.72 75.14 81.13 86.68 90 90 94.91 105.1 113.6 120 120 104.5 90 0 300 315.5 330 345.5 348.8 345.1 347.4 353.2 0 7.914 13.28 15.14 
43.12 53.07 65.56 57.14 25.98 34.7 41.07 31.52 52.59 61.58 61.88 51.22 79.37 87.94 80.79 71.81 103.4 108.7 85.23 86.64 74.68 8.993 33.71 65.98 3.143 9.72 24.37 22.3 38.51 44.96 52.09 60 66.84 72.57 74.86 71.24 60 44.46 36.02 34.91 30 22.67 46.72 44.86 66.02 68.72 81.41 90 74.46 90 30 14.46 24.71 30 35.41 40.89 46.29 50.07 54.71 60 64.47 67.87 73.24 79.11 84.71 90 93.32 93.79 98.51 107.4 114.7 120 120 109.6 104.5 120 0 330 344.5 0 0 353.6 354.7 0 6.844 15.04 19.98 21.13 
53.84 61.93 75.29 70.22 32.06 40.63 48.19 39.21 58.42 67.41 68.78 58.12 85.3 94.02 88.48 78.93 110.3 116.9 97.7 95.63 111 45.32 54.02 86.29 11.29 16.6 33.36 34.77 47.43 53.16 60 67.91 75.04 81.49 85.09 83.98 75.54 60 48.76 45.14 38.59 30 53.98 51.28 73.28 75.14 90 97.33 90 105.5 45.54 30 30 35.29 40.89 46.76 52.13 55.53 60 65.29 69.93 73.71 79.11 84.59 90 95.29 98.87 100 105 113.2 120 125.3 126.4 120 120 135.5 150 0 0 15.54 10.38 0 0 5.295 12.57 21.49 26.21 26.68 
63.14 69.72 84.37 82.3 36.08 44.96 53.85 44.97 63.31 72.59 74.99 63.97 91.17 100.3 96.1 85.68 118.1 126.2 109.8 104.7 134.9 103.8 74.36 104.6 14.84 20.03 39.97 45.16 54.71 60 66.84 75.04 82.67 90 94.91 96.02 90 74.46 60 53.61 45.14 34.91 60 56.45 79.98 81.13 98.51 105 104.5 120 60 44.46 33.32 38.87 44.86 51.28 56.82 60 64.47 69.93 74.86 79.11 84.71 90 95.41 100.9 104.9 106.7 112.1 120 126.8 132.6 134.9 131.2 134.5 150 164.5 180 0 30 15.54 0 0 6.393 14.86 25.09 30 30 
71.29 76.6 93.36 94.77 37.08 47.04 57.62 47.98 67.02 76.99 80.51 68.57 96.98 107 104 92.22 126.9 136.9 122.9 114.4 156.7 166.4 100 124.4 7.331 17.17 42.83 52.67 60 65.29 72.57 81.49 90 98.59 105.1 108.8 105.5 90 70.38 60 48.76 36.02 64.52 60 86.21 86.68 107.4 113.2 120 135.5 75.54 60 33.79 40.02 46.72 53.98 60 63.18 67.87 73.71 79.11 83.98 90 95.29 100.9 106.8 111.3 114 120 127.9 135 141.5 145.1 144 150 165.5 180 195.5 210 0 0 344.5 349.6 0 11.24 23.98 30 30 
85.23 86.64 103.4 108.7 43.12 53.07 65.56 57.14 73.05 83.02 87.78 76.03 103 113 111.4 99.49 133 142.9 132 122.4 162.8 172.7 127.3 137.2 13.64 23.25 55.65 79.99 71.24 74.86 81.41 90 98.51 107.4 114.7 120 120 109.6 90 74.46 60 44.46 72.57 66.84 93.79 93.32 115.5 120 131.2 144 104.5 120 38.51 44.96 52.09 60 66.02 68.72 73.24 79.11 84.71 90 96.02 100.9 106.3 112.1 116.8 120 126 133.3 140 146.2 150 150 156 168.8 180 190.4 195.5 180 0 330 344.5 0 14.46 30 36.02 34.91 
97.7 95.63 110.3 116.9 53.84 61.93 75.29 70.22 79.66 88.83 94.32 83.9 107.4 116.7 116 105 135 143.9 135 126.2 160 165.2 134.8 140 76.2 45.12 75.36 105.6 83.98 85.09 90 97.33 105 113.2 120 125.3 126.4 120 105.5 90 75.54 60 81.49 75.04 100 98.87 120 123.5 134.9 145.1 120 135.5 47.43 53.16 60 67.91 73.28 75.14 79.11 84.59 90 95.29 100.9 105.1 110.1 115.5 120 123.2 128.7 135.1 141.1 146.7 150 150 154.9 165.1 173.6 180 180 164.5 150 0 0 15.54 30 45.54 48.76 45.14 
109.8 104.7 118.1 126.2 63.14 69.72 84.37 82.3 85.98 94.7 101.1 91.52 112.6 121.6 121.9 111.2 139.4 147.9 140.8 131.8 163.4 168.7 145.2 146.6 134.7 68.99 93.71 126 96.02 94.91 98.51 105 112.1 120 126.8 132.6 134.9 131.2 120 104.5 90 74.46 90 82.67 106.7 104.9 126 128.7 141.4 150 134.5 150 54.71 60 66.84 75.04 79.98 81.13 84.71 90 95.41 100.9 106.3 110.1 114.7 120 124.5 127.9 133.2 139.1 144.7 150 153.3 153.8 158.5 167.4 174.7 180 180 169.6 164.5 180 0 30 44.46 60 60 53.61 
122.9 114.4 126.9 136.9 71.29 76.6 93.36 94.77 92.06 100.6 108.2 99.21 118.4 127.4 128.8 118.1 145.3 154 148.5 138.9 170.3 176.9 157.7 155.6 171 105.3 114 146.3 108.8 105.1 107.4 113.2 120 127.9 135 141.5 145.1 144 135.5 120 105.5 90 98.59 90 114 111.3 133.3 135.1 150 157.3 150 165.5 60 65.29 72.57 81.49 86.21 86.68 90 95.29 100.9 106.8 112.1 115.5 120 125.3 129.9 133.7 139.1 144.6 150 155.3 158.9 160 165 173.2 180 185.3 186.4 180 180 195.5 210 0 60 75.54 70.38 60 
134.8 122.8 134.9 146.9 74.84 80.03 99.97 105.2 96.08 105 113.8 105 123.3 132.6 135 124 151.2 160.3 156.1 145.7 178.1 186.2 169.8 164.7 194.9 163.8 134.4 164.6 120 113.6 114.7 120 126.8 135 142.7 150 154.9 156 150 134.5 120 104.5 105.1 94.91 120 116.5 140 141.1 158.5 165 164.5 180 60 66.39 74.86 85.09 90 90 93.32 98.87 104.9 111.3 116.8 120 124.5 129.9 134.9 139.1 144.7 150 155.4 160.9 164.9 166.7 172.1 180 186.8 192.6 194.9 191.2 194.5 210 224.5 240 0 90 75.54 60 
